500
4118 8579
1840 9187
4017 9341
2358 8636
1600 4791
7214 8114
1693 4412
1096 3760
3875 6917
513 8932
3559 6119
5110 6414
1515 5268
7529 7750
122 5762
592 1611
693 3451
4710 9779
2792 8489
3346 3935
90 7812
854 1150
2246 9505
3380 4614
1480 5515
8664 9074
3774 7599
1841 5467
5394 5722
1868 3217
4828 7836
2461 8529
2240 4631
3239 3775
730 2937
7172 7711
749 5213
6606 8026
2641 7459
6338 9327
4121 5002
8072 8401
5128 6594
523 9891
2316 3109
152 8743
1204 4289
5273 8681
8272 9797
527 9048
3111 7561
4051 4662
2077 8324
1268 2136
1070 3958
1463 5191
6216 8960
441 9616
9163 9507
1479 7316
6059 8968
7984 9610
3017 7264
4883 7061
283 1290
3940 5203
3395 7991
1719 9866
6420 7486
207 7491
1445 8022
405 9034
4239 5002
3402 7198
862 4514
1233 9830
574 5569
7838 9440
675 8587
1251 6229
959 1543
1432 4354
1298 5886
2306 2425
2633 5137
6149 6582
1536 7007
1246 3339
538 2890
1000 3752
5052 8586
3583 5626
4155 9375
2742 9816
51 7419
1010 5323
6756 8962
1716 4848
4141 4406
3507 9543
3126 6008
6125 6486
3896 9465
4084 6787
5085 6355
539 1407
23 474
3386 4178
3202 6202
3273 6253
6974 8596
3615 5936
1704 5331
2463 7137
5824 6996
5303 8358
3004 4484
1789 6901
301 5873
40 3008
579 7310
4415 7333
4153 7406
3608 7864
3708 7489
682 6213
2437 9828
4142 6618
107 1511
2957 3687
1315 7103
5342 6460
2151 3483
8804 9713
9357 9753
1812 3019
6228 6684
4090 6705
4569 6733
441 4050
263 2058
847 1123
4094 6443
1341 4306
4201 4298
4346 7657
5614 9688
4117 7765
3830 9524
6570 8881
4734 9935
6619 8252
962 4957
7062 7696
1112 5878
4288 4489
5613 7728
4171 5136
6477 9707
260 4830
776 9176
2742 7917
2034 5216
4740 6859
2216 9781
2151 9973
4516 8226
1830 5123
2185 9535
5414 5878
368 3297
1025 9702
4838 5981
1549 2040
6379 7668
2300 8444
218 1907
3475 7538
4397 8604
7173 8216
4179 4541
5676 8695
799 2767
525 8655
2756 2984
2634 4069
123 3124
11 9105
1560 4962
2630 7497
4291 9797
2550 7426
15 4964
4972 6026
4242 9361
2145 9892
4173 5135
4255 4939
4973 5465
2910 7957
4573 6979
6943 7697
6955 7102
3154 8416
651 4867
7398 9159
448 1176
1709 6816
6140 7735
1854 8140
285 8329
8098 9817
810 3038
4072 5783
4855 6982
93 9428
3961 7036
7125 7415
279 3991
2184 8859
7282 9582
4370 7730
759 2431
898 3251
6519 9038
1200 1457
5675 9556
1017 6486
2594 5089
2269 7449
2071 8714
2384 6877
354 5751
6094 9800
633 8336
1305 4267
2027 7918
1997 5029
4459 9248
978 4633
6090 8286
2178 3962
1998 3196
4592 6800
5421 8285
6709 8393
1622 4136
9093 9887
1976 5245
2333 8961
3581 9991
3228 7852
1578 2018
6477 9233
826 3866
3807 9112
5986 6309
8307 9426
5534 6226
3819 9252
1648 3997
528 2136
5620 5974
2023 7596
708 1219
2910 4801
699 6138
2718 9005
7716 8238
5547 8542
2105 9355
4007 8414
3433 5341
875 3073
6012 8677
1046 4012
2675 7927
4647 6148
3901 4523
1472 8595
1505 5231
2283 6273
5278 7644
5001 5360
548 3517
255 1974
4262 6255
6740 7948
4047 6165
59 8823
4843 6222
423 3870
501 2923
4402 8517
3464 7446
5874 9030
4970 8500
1313 2614
130 2666
4326 9999
4581 9566
1973 5822
5065 8843
3770 9243
1231 8946
5654 6074
1520 6078
2021 6296
4813 5353
2775 2800
4629 5001
8182 9599
3501 9495
8565 9984
2892 8513
8079 9983
3825 8309
3901 9021
3374 4024
957 8264
2970 3918
3383 4490
6348 9679
1702 6511
844 5638
854 5474
639 9036
493 5073
3639 4883
477 3396
2883 6812
6708 7827
1473 1729
1200 5729
3993 5753
2157 5075
5541 7912
612 5917
2428 5220
2314 2417
3168 4418
5057 7891
8556 9316
5550 9791
2379 2955
3187 5838
1015 5544
2547 7017
4628 9096
1201 8217
6727 8622
2628 2886
2268 8545
3498 3840
5813 7325
1743 2609
500 5333
242 6800
6169 8703
33 9124
1082 3221
1315 2978
214 588
6036 9996
4565 4842
3589 9816
1292 6217
2702 9912
4762 6201
105 2087
2714 8366
51 3830
6982 9567
293 5736
327 5685
1212 3120
8879 9900
6098 6840
2446 5445
2876 6640
6465 7012
4656 6456
5511 9034
921 3796
1026 8064
2235 6430
92 6065
2833 6011
3127 9399
1747 5085
9312 9806
4557 9706
7007 8191
6546 9989
9422 9454
2818 6629
2239 3085
1273 7474
4747 4948
1421 3012
3656 5773
2218 5794
6073 8628
5472 8229
8107 9977
6909 7913
5641 7818
3832 7619
4165 4826
632 3821
6802 9939
8530 9802
3628 6240
1188 6155
7576 8376
4149 4201
7584 9995
2719 3657
949 4975
3082 9129
2391 7278
995 2919
209 4966
1387 3103
3277 9131
5422 8371
79 8173
3952 6319
107 1802
6530 7508
4035 8061
1619 7031
4408 9751
5276 9384
700 758
2466 7978
9501 9814
897 9710
4000 4780
264 7450
5821 7277
3709 5686
347 5991
28 8501
2450 3888
5031 6486
1949 2062
6358 8105
1813 3382
5742 8865
492 4560
6843 9993
726 4092
5507 6055
3505 8093
1722 2123
5679 7809
5431 6026
152 5460
2603 4527
5700 5910
7650 9089
7194 7972
4008 6138
6102 6928
3772 5003
1847 7014
117 7741
5939 6173
384 9600
1723 6030
1709 8459
3890 9532
4087 6037
4966 5702
1403 8640
876 4081
5201 5405
1275 5765
1339 4556
1867 2694
4680 5233
4541 4798
2974 6833
971 2574
3353 3569
2028 4297
182 1415
2271 5502
4325 6219
1211 6821
4049 5728
1133 5292
2919 9250
6898 6941
3827 5117
8508 9636
351 529
3325 9658
3714 6981
