106
77
60
15
105
120
77
127
46
222
88
37
28
43
224
85
105
75
64
50
218
109
87
57
41
43
100
82
60
65
13
76
34
87
202
91
92
54
95
139
102
61
108
262
103
178
89
53
77
135
95
72
74
50
81
93
117
150
76
90
102
80
72
83
136
42
61
67
68
239
100
144
83
71
108
66
155
55
174
122
135
16
143
31
104
74
74
96
239
125
88
47
47
82
189
48
30
47
87
44
105
92
116
77
92
114
93
64
5
74
76
55
82
106
84
59
122
29
264
136
73
102
78
81
56
61
129
29
164
93
103
30
65
91
37
58
97
79
78
119
105
89
82
116
97
45
79
112
61
44
28
87
189
95
141
112
29
57
55
162
122
91
96
33
123
110
75
65
88
105
159
56
56
98
111
61
188
69
33
46
93
24
143
203
49
69
123
151
46
53
63
127
281
49
36
125
54
55
125
54
49
26
33
89
204
34
145
24
57
88
90
92
133
83
41
193
63
111
213
52
34
95
117
78
64
78
150
115
39
96
20
48
179
81
145
56
87
36
131
119
109
66
110
32
48
47
59
165
85
95
57
89
57
96
225
32
54
32
110
70
82
125
85
129
135
74
59
53
64
89
78
52
147
103
128
60
78
109
74
42
91
85
99
90
127
218
86
31
32
226
77
236
219
31
143
62
76
123
207
139
81
34
62
103
93
53
104
100
82
25
51
60
91
61
78
96
30
28
69
135
40
20
65
85
161
167
110
91
66
158
114
32
78
84
132
102
104
204
113
103
73
117
106
66
37
114
84
81
104
25
78
79
104
74
55
48
173
242
88
166
52
125
78
154
98
55
69
39
65
193
109
236
130
126
230
129
23
113
158
129
65
147
69
248
47
20
188
49
99
63
135
65
96
87
32
86
118
29
112
91
30
130
108
97
152
7
90
62
32
176
52
94
113
63
72
52
54
120
220
54
73
116
259
46
89
43
204
75
185
70
32
50
79
24
58
68
45
94
151
141
90
70
246
178
80
97
16
77
22
38
128
64
173
91
44
80
44
103
162
107
32
72
59
43
107
46
49
210
47
182
80
118
99
43
91
66
111
26
45
41
99
89
78
44
155
37
93
83
56
124
76
51
75
59
43
60
41
55
70
91
