10 10
47 51
48 26
15 66
11 46
53 5
37 45
19 54
49 5
43 60
90 36
10 10
10 46
29 69
91 12
53 2
39 76
59 6
23 14
52 90
1 95
1 20
10 10
50 59
41 67
58 76
23 60
10 36
26 58
36 35
84 47
0 16
8 94
10 10
49 87
92 98
7 55
33 66
66 51
73 88
90 68
64 96
69 93
36 96
10 10
27 35
58 26
77 41
62 94
35 76
30 28
25 1
47 88
24 36
78 41
10 10
79 95
6 75
48 27
52 80
98 83
86 70
37 28
55 72
63 69
91 43
10 10
80 47
8 61
98 45
97 12
98 29
18 37
61 59
82 94
4 18
70 59
10 10
41 53
74 49
38 68
83 52
12 61
83 70
95 95
79 9
30 8
38 67
10 10
99 51
25 52
27 59
35 55
49 48
33 55
43 39
42 52
18 77
0 35
10 10
14 48
55 3
23 87
89 89
23 68
68 36
35 66
44 45
81 22
97 61
10 10
96 19
66 90
66 42
18 47
87 57
69 74
31 92
49 64
6 87
62 87
10 10
91 9
70 37
42 32
39 17
47 1
64 25
77 73
74 59
30 83
86 65
10 10
56 40
94 98
27 20
12 73
14 63
62 32
63 2
24 76
54 31
19 1
10 10
73 57
81 11
42 54
77 68
21 41
4 79
75 17
37 92
23 4
90 80
10 10
36 88
94 33
98 53
57 5
4 67
100 80
86 9
97 15
47 60
34 1
10 10
58 100
53 67
23 3
65 19
21 96
82 83
49 91
62 25
16 12
7 19
10 10
100 2
81 34
1 44
85 37
21 21
8 18
3 97
69 94
21 27
61 65
10 10
62 56
67 25
82 58
73 52
45 95
89 21
54 58
40 93
62 31
44 25
10 10
61 51
68 95
99 18
30 74
2 14
6 12
35 51
67 99
69 60
31 64
10 10
85 93
99 87
23 12
97 84
94 58
67 63
10 84
49 99
66 7
34 32
10 10
43 4
23 69
59 89
60 69
50 46
8 85
7 80
79 76
1 48
28 27
10 10
81 82
48 52
81 38
13 70
7 93
16 42
32 66
38 89
89 58
28 100
10 10
6 78
86 67
8 38
64 71
9 88
71 86
55 67
11 97
32 34
49 57
10 10
7 32
80 48
36 73
52 6
17 63
91 48
5 36
13 52
75 14
64 87
10 10
26 46
62 97
9 75
13 71
25 5
20 15
72 79
97 79
5 37
1 22
10 10
83 96
69 56
50 76
4 23
94 97
60 2
50 89
15 34
96 81
18 5
10 10
36 42
43 51
33 1
49 21
2 26
51 41
0 46
8 0
52 41
41 34
10 10
35 30
86 57
66 55
81 92
76 86
5 15
42 31
44 18
42 98
3 24
10 10
50 6
72 1
70 10
96 28
40 2
55 30
9 37
0 58
56 47
20 75
10 10
31 63
52 46
39 88
4 81
27 67
47 24
64 99
68 33
61 6
66 64
10 10
68 18
96 24
77 23
28 66
31 5
60 11
27 26
96 89
4 47
59 48
10 10
45 78
28 98
97 51
8 84
96 48
41 79
78 32
78 43
23 21
58 56
10 10
40 81
2 9
67 99
61 51
34 54
88 47
12 67
23 1
10 5
44 63
10 10
46 26
98 18
57 79
46 58
48 35
27 21
48 39
27 99
38 56
88 23
10 10
72 49
62 61
41 86
37 58
34 81
61 66
53 0
23 94
44 95
49 20
10 10
17 10
19 89
79 28
38 54
14 93
50 51
85 39
14 12
37 100
66 53
10 10
94 6
62 7
84 29
9 24
51 68
56 5
39 26
72 19
60 12
24 3
10 10
47 46
25 49
99 57
28 15
12 6
10 12
72 70
99 67
3 36
90 29
10 10
50 31
92 40
94 50
75 74
73 85
84 41
53 7
94 24
64 24
95 32
10 10
27 90
71 67
80 58
72 70
56 12
49 4
83 62
2 66
40 95
17 70
10 10
65 34
85 62
96 21
38 39
62 15
36 16
80 2
50 36
34 66
4 85
10 10
75 24
38 57
49 97
14 90
95 58
20 84
83 100
50 63
49 55
14 48
10 10
13 29
24 33
49 0
69 2
69 66
0 45
25 57
79 48
43 50
59 42
10 10
67 64
52 88
14 99
62 29
8 50
56 18
36 9
70 63
14 32
90 13
10 10
84 85
79 61
96 60
12 51
58 73
4 2
12 77
84 19
58 19
56 22
10 10
76 23
28 24
70 40
40 87
68 77
77 58
95 56
49 45
3 46
76 8
10 10
87 36
59 27
25 19
44 58
48 26
49 1
80 32
3 51
91 26
37 35
10 10
43 28
13 21
60 55
7 53
91 90
85 12
74 64
9 39
7 80
72 85
10 10
9 84
35 31
35 91
97 79
19 90
35 84
51 79
22 12
54 70
81 89
10 10
34 58
80 5
48 10
11 61
81 30
11 76
59 85
15 94
94 69
63 81
